Title: 洛克王国彼得大道、人鱼湾 (auto horn_literal_dense)
Source: 洛克王国彼得大道、人鱼湾.mid
Info: tempo 132, duration~33.2s, grid 1/16
Info: profile=horn_literal_dense, horn very dense literal mapping with light transpose-window flexibility
Info: horn_range=48-71, key_rows_shift=1
Info: dynamic transpose windows(4 bars): w00-w04:-5

bpm=132

; Voice A Melody
bpm=132
0-- +1/. +2// +3/ ( 5 +3 ) ( 5 +1 +3 )/ ( +1 +3 ) ( +2 +3 )/. +3// +4/ ( 6 +4 ) ( 6 +2 +4 )// ( 6 +2 +3 +4 )//
( +2 +3 +4 )/ ( +3 +4 )// +4 +4// +5/ ( 7 +5 ) ( 7 +2 +5 )/ ( +2 +5 )/ ( 5 +2 +5 )/ ( 5 +4 +5 )/ ( +2 +4 +5 )/
( +2 +3 )/ ( 5 +3 ) ( 5 +2 +3 )/ ( +2 +5 )// ( 7 +2 +5 )// ( 5 7 +2 +5 )/ ( 5 +3 +5 )// ( 5 7 +3 +5 )/. ( +2 +3 )/
( 3 +2 +3 )/ ( 3 +3 )/ ( 3 +1 +3 )/ ( +1 +3 ) ( +3 +6 )/. ( +1 +3 )// +4/ ( 6 +4 )/ ( 6 +4 +6 )/ ( 6 +4 +6 +7 )//
( 6 +1 +6 +7 )// ( +1 +2 +4 +7 )/ ( +1 +2 +4 )// ( +2 +4 )// ( +3 +4 )/. ( 7 +3 +4 )// +6/ ( 4 +6 )/ ( 4 +3 +6 )
( +4 +6 ) ( +5 +6 )/ ( +2 +5 +6 )// ( 7 +2 +5 +6 )// +2 ( +2 +7 )// +2// ( +1 +2 )// ( 7 +1 +2 )// ( +1 +2 +7 )//
( +1 +2 +5 )// ( +1 +2 +5 +7 )/ +7// ( +5 +7 )/ ( +4 +5 +7 )// +5/ ( 5 +5 )// 5// ( 5 +5 )/ ( 5 +1 +5 )// ( 5 +1 )//
( +1 +5 )/ ( 5 +1 +5 )/ ( 5 +6 )/. ( 5 +7 )// +5 +5// ( +2 +5 )// ( +2 +5 +6 )/. ( +5 +6 ) ( +5 +6 )/ ( +5 +7 )// +5/
( 7 +5 ) ( 7 +2 +5 )/ ( +2 +5 )/ ( 5 +2 +5 )/ ( 5 +4 +5 )/ ( 5 +2 +4 +5 )// ( 5 7 +4 +5 )// ( 5 +2 +3 )/ ( 5 +3 )/
( 5 +3 +5 )/ ( 5 +1 +3 +5 )/ ( +1 +5 )/ ( 5 +1 +5 )/ ( 5 +3 +5 )/. ( 5 7 +3 +5 )// +3 +3/ ( +1 +3 )/ ( +1 +3 +5 )/
( 6 +1 +3 +5 )/ ( 6 +3 +7 )/. ( 6 +1 +3 )// +6/ ( 6 +6 )/. ( 6 +3 +6 )// ( 6 +1 +3 +6 )/ ( +1 +3 +6 )// ( +1 +6 )// +6/
1/. ( 1 7 )// ( 1 +6 )/ ( 6 +6 )/ ( 6 +6 +7 ) ( 6 +6 )/. 6// +7/ ( +2 +7 )// +2// ( +2 +3 )// ( 7 +2 +3 )// ( 5 7 +3 )/
( 5 +3 +6 )// ( 5 +3 +6 +7 )/. ( +3 +5 +6 +7 )/ ( +3 +5 +7 )/ ( 5 +3 +7 )// ( 5 +3 )/. 5 0-- +7 0//

rollback=9999

; Voice B Harmony
bpm=132
0--- ( 1 5 +1 +3 )/ ( 1 5 +1 )/ ( 1 5 7 +1 +3 )/ ( 1 5 +1 +3 )/ ( 1 5 +1 )- ( 1 5 6 +1 +4 )/ ( 1 6 +1 +4 )/
( 1 6 7 +1 +4 )/ ( 1 6 +1 +4 )- ( 1 6 +1 )/ ( 5 7 +2 +5 )- ( 5 7 +2 )- ( 1 5 +1 +3 ) ( 1 5 7 +1 +3 )/ ( 1 5 +1 +3 )/
( 5 7 +2 )- ( 5 6 +1 ) ( 5 6 7 +1 )/ ( 5 6 +1 )- ( 5 6 +1 )/ ( 2 5 6 +2 )/ ( 2 6 +2 )/ ( 2 4 6 7 +2 )/ ( 2 4 6 +2 )
( 2 6 +2 ) ( 2 6 +2 )/ ( 4 5 +1 +3 )/ ( 4 +1 +3 )/ ( 4 6 7 +1 +3 )/ ( 4 6 +1 +3 ) ( 4 +1 +3 )/ ( 4 +1 +3 +5 )
( 5 +1 +2 ) ( 5 6 7 +1 +2 +5 )/ ( 5 6 +1 +2 +5 )/ ( 5 6 7 +1 +2 +3 +5 )// ( 5 6 7 +1 +2 +3 +4 +5 )//
( 5 6 7 +1 +2 +3 +4 +5 +6 )// ( 5 6 7 +1 +2 +5 +6 )// ( 5 7 +2 +3 +4 +5 )/ ( 5 7 +2 +4 +5 +6 )//
( 5 7 +2 +3 +4 +5 +6 )// ( 1 5 +1 +2 +3 )/ ( 1 5 +1 +3 )/ ( 1 5 7 +1 +3 )/ ( 1 5 +1 +3 ) ( 1 5 +1 +3 )/ ( 1 5 +1 +3 +5 )
( 1 5 6 +1 +4 )/ ( 1 6 +1 +4 )/ ( 1 6 7 +1 +4 +5 )/ ( 1 6 +1 +4 +5 )/ ( 1 6 +1 +4 )- ( 5 7 +1 +2 )/ ( 5 7 +2 )--
( 5 7 +2 )/ ( 1 5 +1 +3 ) ( 1 5 7 +1 +3 )/ ( 1 5 +1 +3 )/ ( 5 7 +2 +4 +5 ) ( 5 7 +2 ) ( 5 6 +1 +2 )/ ( 5 6 +1 )/
( 5 6 7 +1 )/ ( 5 6 +1 )- ( 5 6 +1 )/ ( 2 5 6 +2 +4 )/ ( 2 6 +2 +4 )/ ( 2 4 6 7 +2 +4 )/ ( 2 4 6 +2 +4 )/ ( 2 6 +2 +4 )-
( 4 5 +1 +3 )/ ( 4 +1 +3 )/ ( 4 6 7 +1 +3 )/ ( 4 6 +1 +3 )/ ( 5 +1 +2 +5 )- ( 5 +1 ) ( 5 6 +1 +5 ) ( 5 6 +1 ) ( 5 +1 )
0--- ( +1 +2 +3 +5 +6 ) 0//

rollback=9999

; Voice C Bass
bpm=132
0--- 1 ( 1 3 )/ 3 0 0/ 1 ( 1 4 )/ ( 4 +1 ) +1/ 1/. ( 1 7 )// ( 1 5 )/ 1/ 5 0 7 1 ( 1 5 )/ ( 5 7 )/ 5// 0/. 5// 0/. 5/ 0/
6 0 0/. 7// 2 ( 2 4 )/ ( 4 +2 )/ +2 0 4 ( 4 6 )/ 6/ 1 ( 1 5 )/ ( 1 4 5 )/ ( 4 5 ) 5 5// ( 5 +3 )/ ( 5 +1 )//
( 2 5 +1 )// ( 2 5 +3 )/ ( 2 5 +1 )// ( 1 2 +1 )// ( 1 2 )// 1/ ( 1 3 ) 3/ 0/ 5/. ( 5 7 )// ( 1 5 )/ 1/ ( 1 6 )/
( 6 +1 )/ +1/ 0/ 1/. ( 1 7 )// ( 1 5 )/ 1/ 5 0 7 1 ( 1 5 )/ 5// ( 5 7 )// 5/ 0/ 5 5/ 0/ 5 5/ 0 0// 7// 2 ( 1 2 )/
( 1 4 )/ ( 1 4 +2 )/ ( 4 +2 )/ +2 4 ( 2 4 )/ 2/ ( 2 5 )/ 5/ ( 1 5 )- ( 1 5 )// ( 1 7 )// ( 1 7 +1 ) ( 1 7 +1 )/ ( 1 7 )
0--- +1 0//
